29427
59312
52008.5
30208
59358
82612.3
47183.5
24760
67468
36781.8
55847
47767.5
38294
49865
64772.5
63790.3
75459
59711
57348.8
60384.3
52833
22843.3
49354
62981.3
29741.3
40952
36611.5
56744.5
67611.3
42368
31563.5
36100.5
47816.8
74621
40090
46652
18365.5
25844
45618.5
60590.3
40268
56612.3
25350.3
59485.8
24009
44315
42917
54247.3
46563.5
50763.3
49660
47061
64681.3
51876.3
11157.8
40282.3
39865
55243
48653
58008.3
36345.8
55375.8
26589.5
58538.3
67312.5
25880
35788.5
17101
47112
57642
57606.3
29194.5
46316
36502
